000000000 000000000 000000000 111111111 111111111 111111111 
000000000 000000000 000000000 111111111 111111111 111111111 
000000000 000000000 000000000 111111111 111111111 111111111 
000000000 000000000 000000000 111111111 111111111 111111111 
000000000 000000000 000000000 111111111 111111111 111111111 
000000000 000000000 000000000 111111111 111111111 111111111 
000000000 000000000 000000000 111111111 111111111 111111111 
000000000 000000000 000000000 111111111 111111111 111111111 
000000000 000000000 000000000 111111111 111111111 111111111 
000000000 000000000 000000000 111111111 111111111 111111111 
000000000 000000000 000000000 111111111 111111111 111111111 
000000000 000000000 000000000 111111111 111111111 111111111 
000000000 000000000 000000000 111111111 111111111 111111111 
000000000 000000000 000000000 111111111 111111111 111111111 
000000000 000000000 000000000 111111111 111111111 111111111 
000000000 000000000 000000000 111111111 111111111 111111111 
000000000 000000000 000000000 111111111 111111111 111111111 
000000000 000000000 000000000 111111111 111111111 111111111 
000000000 000000000 000000000 111111111 111111111 111111111 
000000000 000000000 000000000 111111111 111111111 111111111 
000000000 000000000 000000000 111111111 111111111 111111111 
000000000 000000000 000000000 111111111 111111111 111111111 
000000000 000000000 000000000 111111111 111111111 111111111 
000000000 000000000 000000000 111111111 111111111 111111111 
000000000 000000000 000000000 111111111 111111111 111111111 
000000000 000000000 000000000 111111111 111111111 111111111 
000000000 000000000 000000000 111111111 111111111 111111111 
000000000 000000000 000000000 111111111 111111111 111111111 
000000000 000000000 000000000 111111111 111111111 111111111 
000000000 000000000 000000000 111111111 111111111 111111111 
000000000 000000000 000000000 111111111 111111111 111111111 
000000000 000000000 000000000 111111111 111111111 111111111 
000000000 000000000 000000000 111111111 111111111 111111111 
000000000 000000000 000000000 111111111 111111111 111111111 
000000000 000000000 000000000 111111111 111111111 111111111 
000000000 000000000 000000000 111111111 111111111 111111111 
000000000 000000000 000000000 111111111 111111111 111111111 
000000000 000000000 000000000 111111111 111111111 111111111 
000000000 000000000 000000000 111111111 111111111 111111111 
000000000 000000000 000000000 111111111 111111111 111111111 
000000000 000000000 000000000 111111111 111111111 111111111 
000000000 000000000 000000000 111111111 111111111 111111111 
000000000 000000000 000000000 111111111 111111111 111111111 
000000000 000000000 000000000 111111111 111111111 111111111 
000000000 000000000 000000000 111111111 111111111 111111111 
101110000 101110011 000000000 111111111 111111111 111111111 
000000000 000000000 000000000 111111111 111111111 111111111 
000000000 000000000 000000000 111111111 111111111 111111111 
000000000 000000000 000000000 111111111 111111111 111111111 
000000000 000000000 000000000 111111111 111111111 111111111 
000000000 000000000 000000000 111111111 111111111 111111111 
000000000 000000000 000000000 111111111 111111111 111111111 
000000000 000000000 000000000 111111111 111111111 111111111 
000000000 000000000 000000000 111111111 111111111 111111111 
000000000 000000000 000000000 111111111 111111111 111111111 
000000000 000000000 000000000 111111111 111111111 111111111 
000000000 000000000 000000000 111111111 111111111 111111111 
000000000 000000000 000000000 111111111 111111111 111111111 
000000000 000000000 000000000 111111111 111111111 111111111 
000000000 000000000 000000000 111111111 111111111 111111111 
000000000 000000000 000000000 111111111 111111111 111111111 
000000000 000000000 000000000 111111111 111111111 111111111 
000000000 000000000 000000000 111111111 111111111 111111111 
000000000 000000000 000000000 111111111 111111111 111111111 
000000000 000000000 000000000 111111111 111111111 111111111 
000000000 000000000 000000000 111111111 111111111 111111111 
000000000 000000000 000000000 111111111 111111111 111111111 
000000000 000000000 000000000 111111111 111111111 111111111 
000000000 000000000 000000000 111111111 111111111 111111111 
000000000 000000000 000000000 111111111 111111111 111111111 
000000000 000000000 000000000 111111111 111111111 111111111 
000000000 000000000 000000000 111111111 111111111 111111111 
000000000 000000000 000000000 111111111 111111111 111111111 
000000000 000000000 000000000 111111111 111111111 111111111 
000000000 000000000 000000000 111111111 111111111 111111111 
000000000 000000000 000000000 111111111 111111111 111111111 
000000000 000000000 000000000 111111111 111111111 111111111 
000000000 000000000 000000000 111111111 111111111 111111111 
000000000 000000000 000000000 111111111 111111111 111111111 
000000000 000000000 000000000 111111111 111111111 111111111 
000000000 000000000 000000000 111111111 111111111 111111111 
000000000 000000000 000000000 111111111 111111111 111111111 
000000000 000000000 000000000 111111111 111111111 111111111 
000000000 000000000 000000000 111111111 111111111 111111111 
000000000 000000000 000000000 111111111 111111111 111111111 
000000000 000000000 000000000 111111111 111111111 111111111 
000000000 000000000 000000000 111111111 111111111 111111111 
000000000 000000000 000000000 111111111 111111111 111111111 
000000000 000000000 000000000 111111111 111111111 111111111 
000000000 000000000 000000000 111111111 111111111 111111111 
000000000 000000000 000000000 111111111 111111111 111111111 
000000000 000000000 000000000 111111111 111111111 111111111 
000000000 000000000 000000000 111111111 111111111 111111111 
000000000 000000000 000000000 111111111 111111111 111111111 
000000000 000000000 000000000 111111111 111111111 111111111 
000000000 000000000 000000000 111111111 111111111 111111111 
000000000 000000000 000000000 111111111 111111111 111111111 
000000000 000000000 000000000 111111111 111111111 111111111 
000000000 000000000 000000000 111111111 111111111 111111111 
000000000 000000000 000000000 111111111 111111111 111111111 
000000000 000000000 000000000 111111111 111111111 111111111 
000000000 000000000 000000000 111111111 111111111 111111111 
000000000 000000000 000000000 111111111 111111111 111111111 
000000000 000000000 000000000 111111111 111111111 111111111 
000000000 000000000 000000000 111111111 111111111 111111111 
000000000 000000000 000000000 111111111 111111111 111111111 
000000000 000000000 000000000 111111111 111111111 111111111 
000000000 000000000 000000000 111111111 111111111 111111111 
000000000 000000000 000000000 111111111 111111111 111111111 
000000000 000000000 000000000 111111111 111111111 111111111 
000000000 000000000 000000000 111111111 111111111 111111111 
000000000 000000000 000000000 111111111 111111111 111111111 
000000000 000000000 000000000 111111111 111111111 111111111 
000000000 000000000 000000000 111111111 111111111 111111111 
000000000 000000000 000000000 111111111 111111111 111111111 
000000000 000000000 000000000 111111111 111111111 111111111 
000000000 000000000 000000000 111111111 111111111 111111111 
000000000 000000000 000000000 111111111 111111111 111111111 
000000000 000000000 000000000 111111111 111111111 111111111 
000000000 000000000 000000000 111111111 111111111 111111111 
000000000 000000000 000000000 111111111 111111111 111111111 
000000000 000000000 000000000 111111111 111111111 111111111 
000000000 000000000 000000000 111111111 111111111 111111111 
000000000 000000000 000000000 111111111 111111111 111111111 
000000000 000000000 000000000 111111111 111111111 111111111 
000000000 000000000 000000000 111111111 111111111 111111111 
000000000 000000000 000000000 111111111 111111111 111111111 
000000000 000000000 000000000 111111111 111111111 111111111 
000000000 000000000 000000000 111111111 111111111 111111111 
000000000 000000000 000000000 111111111 111111111 111111111 
000000000 000000000 000000000 111111111 111111111 111111111 
000000000 000000000 000000000 111111111 111111111 111111111 
000000000 000000000 000000000 000000000 111111111 111111111 
000000000 000000000 111111111 111111111 111111111 111111111 
000000000 000000000 000000000 000000000 111111111 111111111 
000000000 000000000 111111111 111111111 111111111 111111111 
000000000 000000000 000000000 000000000 111111111 111111111 
000000000 000000000 111111111 111111111 111111111 111111111 
000000000 000000000 000000000 000000000 111111111 111111111 
000000000 000000000 111111111 111111111 111111111 111111111 
000000000 000000000 000000000 000000000 111111111 111111111 
000000000 000000000 111111111 111111111 111111111 111111111 
000000000 000000000 000000000 000000000 111111111 111111111 
000000000 000000000 111111111 111111111 111111111 111111111 
000000000 000000000 000000000 000000000 111111111 111111111 
000000000 000000000 111111111 111111111 111111111 111111111 
000000000 000000000 000000000 000000000 111111111 111111111 
000000000 000000000 111111111 111111111 111111111 111111111 
000000000 000000000 000000000 000000000 111111111 111111111 
000000000 000000000 111111111 111111111 111111111 111111111 
000000000 000000000 000000000 000000000 111111111 111111111 
000000000 000000000 111111111 111111111 111111111 111111111 
000000000 000000000 000000000 000000000 111111111 111111111 
000000000 000000000 111111111 111111111 111111111 111111111 
000000000 000000000 000000000 000000000 111111111 111111111 
