000000000 000000000 000000000 000000000 000000000 000000000 
000000000 000000000 000000000 000000000 000000000 000000000 
000000000 000000000 000000000 000000000 000000000 000000000 
000000000 000000000 000000000 000000000 000000000 000000000 
000000000 000000000 000000000 000000000 000000000 000000000 
000000000 000000000 000000000 000000000 000000000 000000000 
000000000 000000000 000000000 000000000 000000000 000000000 
000000000 000000000 000000000 000000000 000000000 000000000 
000000000 000000000 000000000 000000000 000000000 000000000 
000000000 000000000 000000000 000000000 000000000 000000000 
000000000 000000000 000000000 000000000 000000000 000000000 
000000000 000000000 000000000 000000000 000000000 000000000 
000000000 000000000 000000000 000000000 000000000 000000000 
000000000 000000000 000000000 000000000 000000000 000000000 
101101001 000000000 000000000 000000000 000000000 000000000 
000000000 000000000 000000000 000000000 000000000 000000000 
000000000 000000000 000000000 000000000 000000000 000000000 
000000000 000000000 000000000 000000000 000000000 000000000 
000000000 000000000 000000000 000000000 000000000 000000000 
000000000 000000000 000000000 000000000 000000000 000000000 
000000000 000000000 000000000 000000000 000000000 000000000 
000000000 000000000 000000000 000000000 000000000 000000000 
000000000 000000000 000000000 000000000 000000000 000000000 
000000000 000000000 000000000 000000000 000000000 000000000 
000000000 000000000 000000000 000000000 000000000 000000000 
000000000 000000000 000000000 000000000 000000000 000000000 
000000000 000000000 000000000 000000000 000000000 000000000 
000000000 000000000 000000000 000000000 000000000 000000000 
000000000 000000000 000000000 000000000 000000000 000000000 
000000000 000000000 000000000 000000000 000000000 000000000 
000000000 000000000 000000000 000000000 000000000 000000000 
000000000 000000000 000000000 000000000 000000000 000000000 
000000000 000000000 000000000 000000000 000000000 000000000 
000000000 000000000 000000000 000000000 000000000 000000000 
000000000 000000000 000000000 000000000 000000000 000000000 
000000000 000000000 000000000 000000000 000000000 000000000 
000000000 000000000 000000000 000000000 000000000 000000000 
000000000 000000000 000000000 000000000 000000000 000000000 
000000000 000000000 000000000 000000000 000000000 000000000 
000000000 000000000 000000000 000000000 000000000 000000000 
000000000 000000000 000000000 000000000 000000000 000000000 
000000000 000000000 000000000 000000000 000000000 000000000 
000000000 000000000 000000000 000000000 000000000 000000000 
000000000 000000000 000000000 000000000 000000000 000000000 
000000000 000000000 000000000 000000000 000000000 000000000 
000000000 000000000 000000000 000000000 000000000 000000000 
000000000 000000000 000000000 000000000 000000000 000000000 
000000000 000000000 000000000 000000000 000000000 000000000 
000000000 000000000 000000000 111111111 111111111 111111111 
000000000 000000000 000000000 111111111 111111111 111111111 
000000000 000000000 000000000 111111111 111111111 111111111 
000000000 000000000 000000000 111111111 111111111 111111111 
000000000 000000000 000000000 111111111 111111111 111111111 
110110000 110000010 000000000 111111111 111111111 111111111 
000000000 000000000 000000000 111111111 111111111 111111111 
000000000 000000000 000000000 111111111 111111111 111111111 
000000000 000000000 000000000 111111111 111111111 111111111 
000000000 000000000 000000000 111111111 111111111 111111111 
000000000 000000000 000000000 111111111 111111111 111111111 
000000000 000000000 000000000 111111111 111111111 111111111 
000000000 000000000 000000000 111111111 111111111 111111111 
000000000 000000000 000000000 111111111 111111111 111111111 
000000000 000000000 000000000 111111111 111111111 111111111 
000000000 000000000 000000000 111111111 111111111 111111111 
101110000 000000000 000000000 111111111 111111111 111111111 
000000000 000000000 000000000 111111111 111111111 111111111 
000000000 000000000 000000000 111111111 111111111 111111111 
000000000 000000000 000000000 111111111 111111111 111111111 
000000000 000000000 000000000 111111111 111111111 111111111 
000000000 000000000 000000000 111111111 111111111 111111111 
000000000 000000000 000000000 111111111 111111111 111111111 
000000000 000000000 000000000 111111111 111111111 111111111 
000000000 000000000 000000000 111111111 111111111 111111111 
000000000 000000000 000000000 111111111 111111111 111111111 
000000000 000000000 000000000 111111111 111111111 111111111 
000000000 000000000 000000000 111111111 111111111 111111111 
000000000 000000000 000000000 111111111 111111111 111111111 
000000000 000000000 000000000 111111111 111111111 111111111 
000000000 000000000 000000000 111111111 111111111 111111111 
000000000 000000000 000000000 111111111 111111111 111111111 
000000000 000000000 000000000 111111111 111111111 111111111 
000000000 000000000 000000000 111111111 111111111 111111111 
000000000 000000000 000000000 111111111 111111111 111111111 
000000000 000000000 000000000 111111111 111111111 111111111 
000000000 000000000 000000000 111111111 111111111 111111111 
000000000 000000000 000000000 111111111 111111111 111111111 
000000000 000000000 000000000 111111111 111111111 111111111 
000000000 000000000 000000000 111111111 111111111 111111111 
000000000 000000000 000000000 111111111 111111111 111111111 
000000000 000000000 000000000 111111111 111111111 111111111 
000000000 000000000 000000000 111111111 111111111 111111111 
000000000 000000000 000000000 111111111 111111111 111111111 
000000000 000000000 000000000 111111111 111111111 111111111 
000000000 000000000 000000000 111111111 111111111 111111111 
000000000 000000000 000000000 111111111 111111111 111111111 
000000000 000000000 000000000 111111111 111111111 111111111 
000000000 000000000 000000000 111111111 111111111 111111111 
000000000 000000000 000000000 111111111 111111111 111111111 
000000000 000000000 000000000 111111111 111111111 111111111 
000000000 000000000 000000000 111111111 111111111 111111111 
000000000 000000000 000000000 111111111 111111111 111111111 
000000000 000000000 000000000 111111111 111111111 111111111 
000000000 000000000 000000000 111111111 111111111 111111111 
000000000 000000000 000000000 111111111 111111111 111111111 
000000000 000000000 000000000 111111111 111111111 111111111 
000000000 000000000 000000000 111111111 111111111 111111111 
000000000 000000000 000000000 111111111 111111111 111111111 
000000000 000000000 000000000 111111111 111111111 111111111 
000000000 000000000 000000000 111111111 111111111 111111111 
000000000 000000000 000000000 111111111 111111111 111111111 
000000000 000000000 000000000 111111111 111111111 111111111 
000000000 000000000 000000000 111111111 111111111 111111111 
000000000 000000000 000000000 111111111 111111111 111111111 
000000000 000000000 000000000 111111111 111111111 111111111 
000000000 000000000 000000000 111111111 111111111 111111111 
000000000 000000000 000000000 111111111 111111111 111111111 
000000000 000000000 000000000 111111111 111111111 111111111 
000000000 000000000 000000000 111111111 111111111 111111111 
000000000 000000000 000000000 111111111 111111111 111111111 
000000000 000000000 000000000 111111111 111111111 111111111 
000000000 000000000 000000000 111111111 111111111 111111111 
000000000 000000000 000000000 111111111 111111111 111111111 
000000000 000000000 000000000 111111111 111111111 111111111 
000000000 000000000 000000000 111111111 111111111 111111111 
000000000 000000000 000000000 111111111 111111111 111111111 
000000000 000000000 000000000 111111111 111111111 111111111 
000000000 000000000 000000000 111111111 111111111 111111111 
000000000 000000000 000000000 111111111 111111111 111111111 
000000000 000000000 000000000 111111111 111111111 111111111 
000000000 000000000 000000000 111111111 111111111 111111111 
000000000 000000000 000000000 111111111 111111111 111111111 
000000000 000000000 000000000 111111111 111111111 111111111 
000000000 000000000 000000000 111111111 111111111 111111111 
000000000 000000000 000000000 111111111 111111111 111111111 
000000000 000000000 000000000 111111111 111111111 111111111 
000000000 000000000 000000000 111111111 111111111 111111111 
000000000 000000000 000000000 111111111 111111111 111111111 
000000000 000000000 000000000 111111111 111111111 111111111 
000000000 000000000 000000000 111111111 111111111 111111111 
000000000 000000000 000000000 111111111 111111111 111111111 
000000000 000000000 000000000 111111111 111111111 111111111 
000000000 000000000 000000000 111111111 111111111 111111111 
000000000 000000000 000000000 111111111 111111111 111111111 
000000000 000000000 000000000 111111111 111111111 111111111 
000000000 000000000 000000000 111111111 111111111 111111111 
000000000 000000000 000000000 111111111 111111111 111111111 
000000000 000000000 000000000 111111111 111111111 111111111 
000000000 000000000 000000000 111111111 111111111 111111111 
000000000 000000000 000000000 111111111 111111111 111111111 
000000000 000000000 000000000 111111111 111111111 111111111 
000000000 000000000 000000000 111111111 111111111 111111111 
000000000 000000000 000000000 111111111 111111111 111111111 
000000000 000000000 000000000 111111111 111111111 111111111 
000000000 000000000 000000000 111111111 111111111 111111111 
000000000 000000000 000000000 111111111 111111111 111111111 
000000000 000000000 000000000 111111111 111111111 111111111 
000000000 000000000 000000000 111111111 111111111 111111111 
000000000 000000000 000000000 111111111 111111111 111111111 
000000000 000000000 000000000 111111111 111111111 111111111 
000000000 000000000 000000000 111111111 111111111 111111111 
000000000 000000000 000000000 111111111 111111111 111111111 
000000000 000000000 000000000 111111111 111111111 111111111 
000000000 000000000 000000000 111111111 111111111 111111111 
000000000 000000000 000000000 111111111 111111111 111111111 
110010110 000000000 000000000 111111111 111111111 111111111 
000000000 000000000 000000000 111111111 111111111 111111111 
000000000 000000000 000000000 111111111 111111111 111111111 
000000000 000000000 000000000 111111111 111111111 111111111 
000000000 000000000 000000000 111111111 111111111 111111111 
000000000 000000000 000000000 111111111 111111111 111111111 
000000000 000000000 000000000 111111111 111111111 111111111 
000000000 000000000 000000000 111111111 111111111 111111111 
000000000 000000000 000000000 111111111 111111111 111111111 
000000000 000000000 000000000 111111111 111111111 111111111 
000000000 000000000 000000000 111111111 111111111 111111111 
000000000 000000000 000000000 111111111 111111111 111111111 
000000000 000000000 000000000 111111111 111111111 111111111 
000000000 000000000 000000000 111111111 111111111 111111111 
000000000 000000000 000000000 111111111 111111111 111111111 
000000000 000000000 000000000 111111111 111111111 111111111 
000000000 000000000 000000000 111111111 111111111 111111111 
000000000 000000000 000000000 111111111 111111111 111111111 
000000000 000000000 000000000 111111111 111111111 111111111 
000000000 000000000 000000000 111111111 111111111 111111111 
000000000 000000000 000000000 111111111 111111111 111111111 
000000000 000000000 000000000 111111111 111111111 111111111 
000000000 000000000 000000000 111111111 111111111 111111111 
101110001 110000100 000000000 111111111 111111111 111111111 
110001100 110011111 000000000 111111111 111111111 111111111 
000000000 000000000 000000000 111111111 111111111 111111111 
000000000 000000000 000000000 111111111 111111111 111111111 
000000000 000000000 000000000 111111111 111111111 111111111 
110000100 101111001 000000000 111111111 111111111 111111111 
101110111 000000000 000000000 111111111 111111111 111111111 
000000000 000000000 000000000 111111111 111111111 111111111 
000000000 000000000 000000000 111111111 111111111 111111111 
000000000 000000000 000000000 111111111 111111111 111111111 
000000000 000000000 000000000 111111111 111111111 111111111 
000000000 000000000 000000000 111111111 111111111 111111111 
000000000 000000000 000000000 111111111 111111111 111111111 
000000000 000000000 000000000 111111111 111111111 111111111 
000000000 000000000 000000000 111111111 111111111 111111111 
000000000 000000000 000000000 111111111 111111111 111111111 
000000000 000000000 000000000 111111111 111111111 111111111 
000000000 000000000 000000000 111111111 111111111 111111111 
000000000 000000000 000000000 111111111 111111111 111111111 
000000000 000000000 000000000 111111111 111111111 111111111 
000000000 000000000 000000000 111111111 111111111 111111111 
000000000 000000000 000000000 111111111 111111111 111111111 
000000000 000000000 000000000 111111111 111111111 111111111 
000000000 000000000 000000000 111111111 111111111 111111111 
000000000 000000000 000000000 111111111 111111111 111111111 
000000000 000000000 000000000 111111111 111111111 111111111 
000000000 000000000 000000000 111111111 111111111 111111111 
000000000 000000000 000000000 111111111 111111111 111111111 
000000000 000000000 000000000 111111111 111111111 111111111 
000000000 000000000 000000000 111111111 111111111 111111111 
000000000 000000000 000000000 111111111 111111111 111111111 
000000000 000000000 000000000 111111111 111111111 111111111 
000000000 000000000 000000000 111111111 111111111 111111111 
000000000 000000000 000000000 111111111 111111111 111111111 
110000101 000000000 000000000 111111111 111111111 111111111 
000000000 000000000 000000000 111111111 111111111 111111111 
000000000 000000000 000000000 111111111 111111111 111111111 
000000000 000000000 000000000 111111111 111111111 111111111 
000000000 000000000 000000000 111111111 111111111 111111111 
000000000 000000000 000000000 111111111 111111111 111111111 
000000000 000000000 000000000 111111111 111111111 111111111 
000000000 000000000 000000000 111111111 111111111 111111111 
000000000 000000000 000000000 111111111 111111111 111111111 
000000000 000000000 000000000 111111111 111111111 111111111 
000000000 000000000 000000000 111111111 111111111 111111111 
000000000 000000000 000000000 111111111 111111111 111111111 
000000000 000000000 000000000 111111111 111111111 111111111 
000000000 000000000 000000000 111111111 111111111 111111111 
000000000 000000000 000000000 111111111 111111111 111111111 
000000000 000000000 000000000 111111111 111111111 111111111 
000000000 000000000 000000000 111111111 111111111 111111111 
000000000 000000000 000000000 111111111 111111111 111111111 
000000000 000000000 000000000 111111111 111111111 111111111 
000000000 000000000 000000000 111111111 111111111 111111111 
000000000 000000000 000000000 111111111 111111111 111111111 
000000000 000000000 000000000 111111111 111111111 111111111 
000000000 000000000 000000000 111111111 111111111 111111111 
000000000 000000000 000000000 111111111 111111111 111111111 
000000000 000000000 000000000 111111111 111111111 111111111 
000000000 000000000 000000000 111111111 111111111 111111111 
000000000 000000000 000000000 111111111 111111111 111111111 
110000101 101110010 000000000 111111111 111111111 111111111 
101101111 101110001 000000000 111111111 111111111 111111111 
000000000 000000000 000000000 111111111 111111111 111111111 
000000000 000000000 000000000 111111111 111111111 111111111 
000000000 000000000 000000000 111111111 111111111 111111111 
000000000 000000000 000000000 111111111 111111111 111111111 
000000000 000000000 000000000 111111111 111111111 111111111 
000000000 000000000 000000000 111111111 111111111 111111111 
101110100 000000000 000000000 111111111 111111111 111111111 
000000000 000000000 000000000 111111111 111111111 111111111 
000000000 000000000 000000000 111111111 111111111 111111111 
000000000 000000000 000000000 111111111 111111111 111111111 
000000000 000000000 000000000 111111111 111111111 111111111 
000000000 000000000 000000000 111111111 111111111 111111111 
000000000 000000000 000000000 111111111 111111111 111111111 
000000000 000000000 000000000 111111111 111111111 111111111 
000000000 000000000 000000000 111111111 111111111 111111111 
000000000 000000000 000000000 111111111 111111111 111111111 
000000000 000000000 000000000 111111111 111111111 111111111 
000000000 000000000 000000000 111111111 111111111 111111111 
000000000 000000000 000000000 111111111 111111111 111111111 
000000000 000000000 000000000 111111111 111111111 111111111 
000000000 000000000 000000000 111111111 111111111 111111111 
000000000 000000000 000000000 111111111 111111111 111111111 
000000000 000000000 000000000 111111111 111111111 111111111 
000000000 000000000 000000000 111111111 111111111 111111111 
000000000 000000000 000000000 000000000 000000000 000000000 
000000000 000000000 000000000 000000000 111111111 111111111 
000000000 000000000 000000000 000000000 111111111 111111111 
000000000 000000000 000000000 000000000 111111111 111111111 
000000000 000000000 000000000 000000000 000000000 000000000 
000000000 000000000 000000000 000000000 111111111 111111111 
000000000 000000000 000000000 000000000 111111111 111111111 
000000000 000000000 000000000 000000000 111111111 111111111 
000000000 000000000 000000000 000000000 000000000 000000000 
000000000 000000000 000000000 000000000 111111111 111111111 
000000000 000000000 000000000 000000000 111111111 111111111 
000000000 000000000 000000000 000000000 111111111 111111111 
000000000 000000000 000000000 000000000 000000000 000000000 
000000000 000000000 000000000 000000000 111111111 111111111 
000000000 000000000 000000000 000000000 111111111 111111111 
000000000 000000000 000000000 000000000 111111111 111111111 
000000000 000000000 000000000 000000000 000000000 000000000 
000000000 000000000 000000000 000000000 111111111 111111111 
000000000 000000000 000000000 000000000 111111111 111111111 
000000000 000000000 000000000 000000000 111111111 111111111 
000000000 000000000 000000000 000000000 000000000 000000000 
000000000 000000000 000000000 000000000 111111111 111111111 
000000000 000000000 000000000 000000000 111111111 111111111 
000000000 000000000 000000000 000000000 111111111 111111111 
000000000 000000000 000000000 000000000 000000000 000000000 
000000000 000000000 000000000 000000000 111111111 111111111 
000000000 000000000 000000000 000000000 111111111 111111111 
000000000 000000000 000000000 000000000 111111111 111111111 
000000000 000000000 000000000 000000000 000000000 000000000 
000000000 000000000 000000000 000000000 111111111 111111111 
000000000 000000000 000000000 000000000 111111111 111111111 
000000000 000000000 000000000 000000000 111111111 111111111 
000000000 000000000 000000000 000000000 000000000 000000000 
000000000 000000000 000000000 000000000 111111111 111111111 
000000000 000000000 000000000 000000000 111111111 111111111 
000000000 000000000 000000000 000000000 111111111 111111111 
000000000 000000000 000000000 000000000 000000000 000000000 
000000000 000000000 000000000 000000000 111111111 111111111 
000000000 000000000 000000000 000000000 111111111 111111111 
000000000 000000000 000000000 000000000 111111111 111111111 
000000000 000000000 000000000 000000000 000000000 000000000 
000000000 000000000 000000000 000000000 111111111 111111111 
000000000 000000000 000000000 000000000 111111111 111111111 
000000000 000000000 000000000 000000000 111111111 111111111 
000000000 000000000 000000000 000000000 000000000 000000000 
000000000 000000000 000000000 000000000 111111111 111111111 
000000000 000000000 000000000 000000000 111111111 111111111 
