000000000 000000000 000000000 111111111 111111111 111111111 
000000000 000000000 000000000 111111111 111111111 111111111 
000000000 000000000 000000000 111111111 111111111 111111111 
000000000 000000000 000000000 111111111 111111111 111111111 
000000000 000000000 000000000 111111111 111111111 111111111 
000000000 000000000 000000000 111111111 111111111 111111111 
000000000 000000000 000000000 111111111 111111111 111111111 
000000000 000000000 000000000 111111111 111111111 111111111 
000000000 000000000 000000000 111111111 111111111 111111111 
000000000 000000000 000000000 111111111 111111111 111111111 
000000000 000000000 000000000 111111111 111111111 111111111 
000000000 000000000 000000000 111111111 111111111 111111111 
000000000 000000000 000000000 111111111 111111111 111111111 
000000000 000000000 000000000 111111111 111111111 111111111 
000000000 000000000 000000000 111111111 111111111 111111111 
000000000 000000000 000000000 111111111 111111111 111111111 
000000000 000000000 000000000 111111111 111111111 111111111 
000000000 000000000 000000000 111111111 111111111 111111111 
110001111 110000101 000000000 111111111 111111111 111111111 
101101111 110000100 000000000 111111111 111111111 111111111 
000000000 000000000 000000000 111111111 111111111 111111111 
000000000 000000000 000000000 111111111 111111111 111111111 
000000000 000000000 000000000 111111111 111111111 111111111 
000000000 000000000 000000000 111111111 111111111 111111111 
000000000 000000000 000000000 111111111 111111111 111111111 
000000000 000000000 000000000 111111111 111111111 111111111 
000000000 000000000 000000000 111111111 111111111 111111111 
000000000 000000000 000000000 111111111 111111111 111111111 
000000000 000000000 000000000 111111111 111111111 111111111 
000000000 000000000 000000000 111111111 111111111 111111111 
000000000 000000000 000000000 111111111 111111111 111111111 
000000000 000000000 000000000 111111111 111111111 111111111 
000000000 000000000 000000000 111111111 111111111 111111111 
000000000 000000000 000000000 111111111 111111111 111111111 
000000000 000000000 000000000 111111111 111111111 111111111 
000000000 000000000 000000000 111111111 111111111 111111111 
000000000 000000000 000000000 111111111 111111111 111111111 
000000000 000000000 000000000 111111111 111111111 111111111 
000000000 000000000 000000000 111111111 111111111 111111111 
000000000 000000000 000000000 111111111 111111111 111111111 
000000000 000000000 000000000 111111111 111111111 111111111 
000000000 000000000 000000000 111111111 111111111 111111111 
000000000 000000000 000000000 111111111 111111111 111111111 
000000000 000000000 000000000 111111111 111111111 111111111 
000000000 000000000 000000000 111111111 111111111 111111111 
000000000 000000000 000000000 111111111 111111111 111111111 
000000000 000000000 000000000 111111111 111111111 111111111 
000000000 000000000 000000000 111111111 111111111 111111111 
000000000 000000000 000000000 111111111 111111111 111111111 
000000000 000000000 000000000 111111111 111111111 111111111 
000000000 000000000 000000000 111111111 111111111 111111111 
000000000 000000000 000000000 111111111 111111111 111111111 
000000000 000000000 000000000 111111111 111111111 111111111 
000000000 000000000 000000000 111111111 111111111 111111111 
000000000 000000000 000000000 111111111 111111111 111111111 
000000000 000000000 000000000 111111111 111111111 111111111 
000000000 000000000 000000000 111111111 111111111 111111111 
000000000 000000000 000000000 111111111 111111111 111111111 
000000000 000000000 000000000 111111111 111111111 111111111 
000000000 000000000 000000000 111111111 111111111 111111111 
000000000 000000000 000000000 111111111 111111111 111111111 
000000000 000000000 000000000 111111111 111111111 111111111 
000000000 000000000 000000000 111111111 111111111 111111111 
000000000 000000000 000000000 111111111 111111111 111111111 
000000000 000000000 000000000 111111111 111111111 111111111 
000000000 000000000 000000000 111111111 111111111 111111111 
000000000 000000000 000000000 111111111 111111111 111111111 
000000000 000000000 000000000 111111111 111111111 111111111 
000000000 000000000 000000000 111111111 111111111 111111111 
000000000 000000000 000000000 111111111 111111111 111111111 
000000000 000000000 000000000 111111111 111111111 111111111 
000000000 000000000 000000000 111111111 111111111 111111111 
000000000 000000000 000000000 111111111 111111111 111111111 
000000000 000000000 000000000 111111111 111111111 111111111 
000000000 000000000 000000000 111111111 111111111 111111111 
000000000 000000000 000000000 111111111 111111111 111111111 
000000000 000000000 000000000 111111111 111111111 111111111 
000000000 000000000 000000000 111111111 111111111 111111111 
101111001 000000000 000000000 111111111 111111111 111111111 
101110101 101110100 000000000 111111111 111111111 111111111 
000000000 000000000 000000000 111111111 111111111 111111111 
000000000 000000000 000000000 111111111 111111111 111111111 
000000000 000000000 000000000 111111111 111111111 111111111 
000000000 000000000 000000000 111111111 111111111 111111111 
000000000 000000000 000000000 111111111 111111111 111111111 
000000000 000000000 000000000 111111111 111111111 111111111 
000000000 000000000 000000000 111111111 111111111 111111111 
000000000 000000000 000000000 111111111 111111111 111111111 
000000000 000000000 000000000 111111111 111111111 111111111 
000000000 000000000 000000000 111111111 111111111 111111111 
000000000 000000000 000000000 111111111 111111111 111111111 
000000000 000000000 000000000 111111111 111111111 111111111 
000000000 000000000 000000000 111111111 111111111 111111111 
000000000 000000000 000000000 111111111 111111111 111111111 
000000000 000000000 000000000 111111111 111111111 111111111 
000000000 000000000 000000000 111111111 111111111 111111111 
000000000 000000000 000000000 111111111 111111111 111111111 
000000000 000000000 000000000 111111111 111111111 111111111 
000000000 000000000 000000000 111111111 111111111 111111111 
000000000 000000000 000000000 111111111 111111111 111111111 
000000000 000000000 000000000 111111111 111111111 111111111 
000000000 000000000 000000000 111111111 111111111 111111111 
000000000 000000000 000000000 111111111 111111111 111111111 
000000000 000000000 000000000 111111111 111111111 111111111 
000000000 000000000 000000000 000000000 111111111 111111111 
000000000 000000000 000000000 000000000 111111111 111111111 
000000000 000000000 000000000 000000000 111111111 111111111 
000000000 000000000 111111111 111111111 111111111 111111111 
000000000 000000000 000000000 000000000 111111111 111111111 
000000000 000000000 000000000 000000000 111111111 111111111 
000000000 000000000 000000000 000000000 111111111 111111111 
000000000 000000000 111111111 111111111 111111111 111111111 
000000000 000000000 000000000 000000000 111111111 111111111 
000000000 000000000 000000000 000000000 111111111 111111111 
000000000 000000000 000000000 000000000 111111111 111111111 
000000000 000000000 111111111 111111111 111111111 111111111 
000000000 000000000 000000000 000000000 111111111 111111111 
000000000 000000000 000000000 000000000 111111111 111111111 
000000000 000000000 000000000 000000000 111111111 111111111 
000000000 000000000 111111111 111111111 111111111 111111111 
000000000 000000000 000000000 000000000 111111111 111111111 
000000000 000000000 000000000 000000000 111111111 111111111 
000000000 000000000 000000000 000000000 111111111 111111111 
000000000 000000000 111111111 111111111 111111111 111111111 
000000000 000000000 000000000 000000000 111111111 111111111 
000000000 000000000 000000000 000000000 111111111 111111111 
000000000 000000000 000000000 000000000 111111111 111111111 
000000000 000000000 111111111 111111111 111111111 111111111 
000000000 000000000 000000000 000000000 111111111 111111111 
000000000 000000000 000000000 000000000 111111111 111111111 
000000000 000000000 000000000 000000000 111111111 111111111 
000000000 000000000 111111111 111111111 111111111 111111111 
000000000 000000000 000000000 000000000 111111111 111111111 
000000000 000000000 000000000 000000000 111111111 111111111 
000000000 000000000 000000000 000000000 111111111 111111111 
000000000 000000000 111111111 111111111 111111111 111111111 
000000000 000000000 000000000 000000000 111111111 111111111 
000000000 000000000 000000000 000000000 111111111 111111111 
000000000 000000000 000000000 000000000 111111111 111111111 
000000000 000000000 111111111 111111111 111111111 111111111 
000000000 000000000 000000000 000000000 111111111 111111111 
000000000 000000000 000000000 000000000 111111111 111111111 
000000000 000000000 000000000 000000000 111111111 111111111 
000000000 000000000 111111111 111111111 111111111 111111111 
000000000 000000000 000000000 000000000 111111111 111111111 
000000000 000000000 000000000 000000000 111111111 111111111 
000000000 000000000 000000000 000000000 111111111 111111111 
000000000 000000000 111111111 111111111 111111111 111111111 
000000000 000000000 000000000 000000000 111111111 111111111 
000000000 000000000 000000000 000000000 111111111 111111111 
000000000 000000000 000000000 000000000 111111111 111111111 
