000000000 000000000 000000000 000000000 000000000 000000000 
000000000 000000000 000000000 000000000 000000000 000000000 
000000000 000000000 000000000 000000000 000000000 000000000 
000000000 000000000 000000000 000000000 000000000 000000000 
000000000 000000000 000000000 000000000 000000000 000000000 
000000000 000000000 000000000 000000000 000000000 000000000 
000000000 000000000 000000000 000000000 000000000 000000000 
000000000 000000000 000000000 000000000 000000000 000000000 
000000000 000000000 000000000 000000000 000000000 000000000 
000000000 000000000 000000000 000000000 000000000 000000000 
000000000 000000000 000000000 000000000 000000000 000000000 
000000000 000000000 000000000 000000000 000000000 000000000 
000000000 000000000 000000000 000000000 000000000 000000000 
000000000 000000000 000000000 000000000 000000000 000000000 
101110111 000000000 000000000 000000000 000000000 000000000 
000000000 000000000 000000000 000000000 000000000 000000000 
000000000 000000000 000000000 000000000 000000000 000000000 
000000000 000000000 000000000 000000000 000000000 000000000 
000000000 000000000 000000000 000000000 000000000 000000000 
000000000 000000000 000000000 000000000 000000000 000000000 
000000000 000000000 000000000 000000000 000000000 000000000 
000000000 000000000 000000000 000000000 000000000 000000000 
000000000 000000000 000000000 000000000 000000000 000000000 
000000000 000000000 000000000 000000000 000000000 000000000 
000000000 000000000 000000000 000000000 000000000 000000000 
000000000 000000000 000000000 000000000 000000000 000000000 
101101100 101101001 000000000 000000000 000000000 000000000 
000000000 000000000 000000000 000000000 000000000 000000000 
000000000 000000000 000000000 000000000 000000000 000000000 
000000000 000000000 000000000 000000000 000000000 000000000 
000000000 000000000 000000000 000000000 000000000 000000000 
000000000 000000000 000000000 000000000 000000000 000000000 
000000000 000000000 000000000 000000000 000000000 000000000 
000000000 000000000 000000000 000000000 000000000 000000000 
000000000 000000000 000000000 000000000 000000000 000000000 
000000000 000000000 000000000 000000000 000000000 000000000 
000000000 000000000 000000000 000000000 000000000 000000000 
000000000 000000000 000000000 000000000 000000000 000000000 
000000000 000000000 000000000 000000000 000000000 000000000 
000000000 000000000 000000000 000000000 000000000 000000000 
000000000 000000000 000000000 000000000 000000000 000000000 
000000000 000000000 000000000 000000000 000000000 000000000 
000000000 000000000 000000000 000000000 000000000 000000000 
000000000 000000000 000000000 000000000 000000000 000000000 
000000000 000000000 000000000 000000000 000000000 000000000 
000000000 000000000 000000000 000000000 000000000 000000000 
000000000 000000000 000000000 000000000 000000000 000000000 
000000000 000000000 000000000 000000000 000000000 000000000 
000000000 000000000 000000000 111111111 111111111 111111111 
000000000 000000000 000000000 111111111 111111111 111111111 
000000000 000000000 000000000 111111111 111111111 111111111 
000000000 000000000 000000000 111111111 111111111 111111111 
111001000 110010001 000000000 111111111 111111111 111111111 
000000000 000000000 000000000 111111111 111111111 111111111 
000000000 000000000 000000000 111111111 111111111 111111111 
000000000 000000000 000000000 111111111 111111111 111111111 
000000000 000000000 000000000 111111111 111111111 111111111 
000000000 000000000 000000000 111111111 111111111 111111111 
000000000 000000000 000000000 111111111 111111111 111111111 
000000000 000000000 000000000 111111111 111111111 111111111 
000000000 000000000 000000000 111111111 111111111 111111111 
101110110 101100110 000000000 111111111 111111111 111111111 
000000000 000000000 000000000 111111111 111111111 111111111 
000000000 000000000 000000000 111111111 111111111 111111111 
000000000 000000000 000000000 111111111 111111111 111111111 
000000000 000000000 000000000 111111111 111111111 111111111 
000000000 000000000 000000000 111111111 111111111 111111111 
000000000 000000000 000000000 111111111 111111111 111111111 
000000000 000000000 000000000 111111111 111111111 111111111 
000000000 000000000 000000000 111111111 111111111 111111111 
000000000 000000000 000000000 111111111 111111111 111111111 
000000000 000000000 000000000 111111111 111111111 111111111 
000000000 000000000 000000000 111111111 111111111 111111111 
000000000 000000000 000000000 111111111 111111111 111111111 
000000000 000000000 000000000 111111111 111111111 111111111 
000000000 000000000 000000000 111111111 111111111 111111111 
000000000 000000000 000000000 111111111 111111111 111111111 
000000000 000000000 000000000 111111111 111111111 111111111 
000000000 000000000 000000000 111111111 111111111 111111111 
000000000 000000000 000000000 111111111 111111111 111111111 
000000000 000000000 000000000 111111111 111111111 111111111 
000000000 000000000 000000000 111111111 111111111 111111111 
000000000 000000000 000000000 111111111 111111111 111111111 
000000000 000000000 000000000 111111111 111111111 111111111 
000000000 000000000 000000000 111111111 111111111 111111111 
000000000 000000000 000000000 111111111 111111111 111111111 
000000000 000000000 000000000 111111111 111111111 111111111 
000000000 000000000 000000000 111111111 111111111 111111111 
000000000 000000000 000000000 111111111 111111111 111111111 
000000000 000000000 000000000 111111111 111111111 111111111 
000000000 000000000 000000000 111111111 111111111 111111111 
000000000 000000000 000000000 111111111 111111111 111111111 
000000000 000000000 000000000 111111111 111111111 111111111 
000000000 000000000 000000000 111111111 111111111 111111111 
000000000 000000000 000000000 111111111 111111111 111111111 
000000000 000000000 000000000 111111111 111111111 111111111 
000000000 000000000 000000000 111111111 111111111 111111111 
000000000 000000000 000000000 111111111 111111111 111111111 
000000000 000000000 000000000 111111111 111111111 111111111 
000000000 000000000 000000000 111111111 111111111 111111111 
000000000 000000000 000000000 111111111 111111111 111111111 
000000000 000000000 000000000 111111111 111111111 111111111 
000000000 000000000 000000000 111111111 111111111 111111111 
000000000 000000000 000000000 111111111 111111111 111111111 
000000000 000000000 000000000 111111111 111111111 111111111 
000000000 000000000 000000000 111111111 111111111 111111111 
000000000 000000000 000000000 111111111 111111111 111111111 
000000000 000000000 000000000 111111111 111111111 111111111 
000000000 000000000 000000000 111111111 111111111 111111111 
000000000 000000000 000000000 111111111 111111111 111111111 
000000000 000000000 000000000 111111111 111111111 111111111 
000000000 000000000 000000000 111111111 111111111 111111111 
000000000 000000000 000000000 111111111 111111111 111111111 
000000000 000000000 000000000 111111111 111111111 111111111 
000000000 000000000 000000000 111111111 111111111 111111111 
000000000 000000000 000000000 111111111 111111111 111111111 
000000000 000000000 000000000 111111111 111111111 111111111 
000000000 000000000 000000000 111111111 111111111 111111111 
000000000 000000000 000000000 111111111 111111111 111111111 
000000000 000000000 000000000 111111111 111111111 111111111 
000000000 000000000 000000000 111111111 111111111 111111111 
000000000 000000000 000000000 111111111 111111111 111111111 
000000000 000000000 000000000 111111111 111111111 111111111 
000000000 000000000 000000000 111111111 111111111 111111111 
000000000 000000000 000000000 111111111 111111111 111111111 
000000000 000000000 000000000 111111111 111111111 111111111 
000000000 000000000 000000000 111111111 111111111 111111111 
000000000 000000000 000000000 111111111 111111111 111111111 
000000000 000000000 000000000 111111111 111111111 111111111 
000000000 000000000 000000000 111111111 111111111 111111111 
000000000 000000000 000000000 111111111 111111111 111111111 
000000000 000000000 000000000 111111111 111111111 111111111 
000000000 000000000 000000000 111111111 111111111 111111111 
000000000 000000000 000000000 111111111 111111111 111111111 
000000000 000000000 000000000 111111111 111111111 111111111 
000000000 000000000 000000000 111111111 111111111 111111111 
000000000 000000000 000000000 111111111 111111111 111111111 
000000000 000000000 000000000 111111111 111111111 111111111 
000000000 000000000 000000000 111111111 111111111 111111111 
000000000 000000000 000000000 111111111 111111111 111111111 
000000000 000000000 000000000 111111111 111111111 111111111 
000000000 000000000 000000000 111111111 111111111 111111111 
000000000 000000000 000000000 111111111 111111111 111111111 
000000000 000000000 000000000 111111111 111111111 111111111 
000000000 000000000 000000000 111111111 111111111 111111111 
000000000 000000000 000000000 111111111 111111111 111111111 
000000000 000000000 000000000 000000000 111111111 111111111 
000000000 000000000 000000000 000000000 111111111 111111111 
000000000 000000000 000000000 000000000 111111111 111111111 
000000000 000000000 111111111 111111111 111111111 111111111 
000000000 000000000 000000000 000000000 111111111 111111111 
000000000 000000000 000000000 000000000 111111111 111111111 
000000000 000000000 000000000 000000000 111111111 111111111 
000000000 000000000 111111111 111111111 111111111 111111111 
000000000 000000000 000000000 000000000 111111111 111111111 
000000000 000000000 000000000 000000000 111111111 111111111 
000000000 000000000 000000000 000000000 111111111 111111111 
000000000 000000000 111111111 111111111 111111111 111111111 
000000000 000000000 000000000 000000000 111111111 111111111 
000000000 000000000 000000000 000000000 111111111 111111111 
000000000 000000000 000000000 000000000 111111111 111111111 
000000000 000000000 111111111 111111111 111111111 111111111 
000000000 000000000 000000000 000000000 111111111 111111111 
000000000 000000000 000000000 000000000 111111111 111111111 
000000000 000000000 000000000 000000000 111111111 111111111 
000000000 000000000 111111111 111111111 111111111 111111111 
000000000 000000000 000000000 000000000 111111111 111111111 
000000000 000000000 000000000 000000000 111111111 111111111 
000000000 000000000 000000000 000000000 111111111 111111111 
000000000 000000000 111111111 111111111 111111111 111111111 
000000000 000000000 000000000 000000000 111111111 111111111 
000000000 000000000 000000000 000000000 111111111 111111111 
000000000 000000000 000000000 000000000 111111111 111111111 
000000000 000000000 111111111 111111111 111111111 111111111 
000000000 000000000 000000000 000000000 111111111 111111111 
000000000 000000000 000000000 000000000 111111111 111111111 
000000000 000000000 000000000 000000000 111111111 111111111 
000000000 000000000 111111111 111111111 111111111 111111111 
000000000 000000000 000000000 000000000 111111111 111111111 
000000000 000000000 000000000 000000000 111111111 111111111 
000000000 000000000 000000000 000000000 111111111 111111111 
000000000 000000000 111111111 111111111 111111111 111111111 
000000000 000000000 000000000 000000000 111111111 111111111 
000000000 000000000 000000000 000000000 111111111 111111111 
000000000 000000000 000000000 000000000 111111111 111111111 
000000000 000000000 111111111 111111111 111111111 111111111 
000000000 000000000 000000000 000000000 111111111 111111111 
000000000 000000000 000000000 000000000 111111111 111111111 
000000000 000000000 000000000 000000000 111111111 111111111 
000000000 000000000 111111111 111111111 111111111 111111111 
000000000 000000000 000000000 000000000 111111111 111111111 
000000000 000000000 000000000 000000000 111111111 111111111 
000000000 000000000 000000000 000000000 111111111 111111111 
