00000000
10010000
10010001
00000000
00000000
10011001
00000000
00000000
00000000
00000000
00000000
10010001
00000000
00000000
00000000
00000000
00000000
00000000
00000000
00000000
00000000
00000000
00000000
00000000
00000000
00000000
00000000
10001100
00000000
00000000
00000000
00000000
00000000
00000000
00000000
00000000
00000000
00000000
00000000
00000000
00000000
00000000
00000000
00000000
00000000
00000000
00000000
00000000
00000000
00000000
00000000
00000000
00000000
00000000
10011010
00000000
00000000
00000000
10010011
00000000
00000000
00000000
00000000
00000000
10010010
00000000
00000000
00000000
00000000
00000000
00000000
00000000
00000000
00000000
10001100
00000000
00000000
00000000
00000000
00000000
00000000
00000000
00000000
00000000
10001011
00000000
00000000
00000000
00000000
00000000
00000000
00000000
00000000
00000000
00000000
00000000
00000000
00000000
00000000
00000000
00000000
00000000
00000000
00000000
