000000000 000000000 000000000 111111111 111111111 111111111 
000000000 000000000 000000000 111111111 111111111 111111111 
000000000 000000000 000000000 111111111 111111111 111111111 
000000000 000000000 000000000 111111111 111111111 111111111 
000000000 000000000 000000000 111111111 111111111 111111111 
000000000 000000000 000000000 111111111 111111111 111111111 
000000000 000000000 000000000 111111111 111111111 111111111 
000000000 000000000 000000000 111111111 111111111 111111111 
000000000 000000000 000000000 111111111 111111111 111111111 
000000000 000000000 000000000 111111111 111111111 111111111 
000000000 000000000 000000000 111111111 111111111 111111111 
000000000 000000000 000000000 111111111 111111111 111111111 
000000000 000000000 000000000 111111111 111111111 111111111 
000000000 000000000 000000000 111111111 111111111 111111111 
000000000 000000000 000000000 111111111 111111111 111111111 
000000000 000000000 000000000 111111111 111111111 111111111 
000000000 000000000 000000000 111111111 111111111 111111111 
000000000 000000000 000000000 111111111 111111111 111111111 
000000000 000000000 000000000 111111111 111111111 111111111 
000000000 000000000 000000000 111111111 111111111 111111111 
000000000 000000000 000000000 111111111 111111111 111111111 
000000000 000000000 000000000 111111111 111111111 111111111 
000000000 000000000 000000000 111111111 111111111 111111111 
000000000 000000000 000000000 111111111 111111111 111111111 
000000000 000000000 000000000 111111111 111111111 111111111 
000000000 000000000 000000000 111111111 111111111 111111111 
000000000 000000000 000000000 111111111 111111111 111111111 
000000000 000000000 000000000 111111111 111111111 111111111 
101101111 101110001 000000000 111111111 111111111 111111111 
000000000 000000000 000000000 111111111 111111111 111111111 
000000000 000000000 000000000 111111111 111111111 111111111 
000000000 000000000 000000000 111111111 111111111 111111111 
101111100 000000000 000000000 111111111 111111111 111111111 
101101111 000000000 000000000 111111111 111111111 111111111 
000000000 000000000 000000000 111111111 111111111 111111111 
000000000 000000000 000000000 111111111 111111111 111111111 
000000000 000000000 000000000 111111111 111111111 111111111 
000000000 000000000 000000000 111111111 111111111 111111111 
000000000 000000000 000000000 111111111 111111111 111111111 
000000000 000000000 000000000 111111111 111111111 111111111 
000000000 000000000 000000000 111111111 111111111 111111111 
000000000 000000000 000000000 111111111 111111111 111111111 
000000000 000000000 000000000 111111111 111111111 111111111 
000000000 000000000 000000000 111111111 111111111 111111111 
000000000 000000000 000000000 111111111 111111111 111111111 
000000000 000000000 000000000 111111111 111111111 111111111 
000000000 000000000 000000000 111111111 111111111 111111111 
000000000 000000000 000000000 111111111 111111111 111111111 
000000000 000000000 000000000 111111111 111111111 111111111 
000000000 000000000 000000000 111111111 111111111 111111111 
000000000 000000000 000000000 111111111 111111111 111111111 
000000000 000000000 000000000 111111111 111111111 111111111 
000000000 000000000 000000000 111111111 111111111 111111111 
000000000 000000000 000000000 111111111 111111111 111111111 
000000000 000000000 000000000 111111111 111111111 111111111 
000000000 000000000 000000000 111111111 111111111 111111111 
000000000 000000000 000000000 111111111 111111111 111111111 
000000000 000000000 000000000 111111111 111111111 111111111 
000000000 000000000 000000000 111111111 111111111 111111111 
000000000 000000000 000000000 111111111 111111111 111111111 
000000000 000000000 000000000 111111111 111111111 111111111 
000000000 000000000 000000000 111111111 111111111 111111111 
000000000 000000000 000000000 111111111 111111111 111111111 
000000000 000000000 000000000 111111111 111111111 111111111 
000000000 000000000 000000000 111111111 111111111 111111111 
000000000 000000000 000000000 111111111 111111111 111111111 
000000000 000000000 000000000 111111111 111111111 111111111 
000000000 000000000 000000000 111111111 111111111 111111111 
000000000 000000000 000000000 111111111 111111111 111111111 
000000000 000000000 000000000 111111111 111111111 111111111 
000000000 000000000 000000000 111111111 111111111 111111111 
000000000 000000000 000000000 111111111 111111111 111111111 
000000000 000000000 000000000 111111111 111111111 111111111 
000000000 000000000 000000000 111111111 111111111 111111111 
000000000 000000000 000000000 111111111 111111111 111111111 
000000000 000000000 000000000 111111111 111111111 111111111 
000000000 000000000 000000000 111111111 111111111 111111111 
000000000 000000000 000000000 111111111 111111111 111111111 
000000000 000000000 000000000 111111111 111111111 111111111 
000000000 000000000 000000000 111111111 111111111 111111111 
000000000 000000000 000000000 111111111 111111111 111111111 
000000000 000000000 000000000 111111111 111111111 111111111 
000000000 000000000 000000000 111111111 111111111 111111111 
000000000 000000000 000000000 111111111 111111111 111111111 
000000000 000000000 000000000 111111111 111111111 111111111 
000000000 000000000 000000000 111111111 111111111 111111111 
000000000 000000000 000000000 111111111 111111111 111111111 
000000000 000000000 000000000 111111111 111111111 111111111 
000000000 000000000 000000000 111111111 111111111 111111111 
000000000 000000000 000000000 111111111 111111111 111111111 
000000000 000000000 000000000 111111111 111111111 111111111 
000000000 000000000 000000000 111111111 111111111 111111111 
000000000 000000000 000000000 111111111 111111111 111111111 
000000000 000000000 000000000 111111111 111111111 111111111 
000000000 000000000 000000000 111111111 111111111 111111111 
000000000 000000000 000000000 111111111 111111111 111111111 
000000000 000000000 000000000 111111111 111111111 111111111 
000000000 000000000 000000000 111111111 111111111 111111111 
000000000 000000000 000000000 111111111 111111111 111111111 
000000000 000000000 000000000 111111111 111111111 111111111 
000000000 000000000 000000000 111111111 111111111 111111111 
000000000 000000000 000000000 111111111 111111111 111111111 
000000000 000000000 000000000 111111111 111111111 111111111 
000000000 000000000 000000000 111111111 111111111 111111111 
000000000 000000000 000000000 111111111 111111111 111111111 
000000000 000000000 000000000 111111111 111111111 111111111 
000000000 000000000 000000000 111111111 111111111 111111111 
000000000 000000000 000000000 111111111 111111111 111111111 
000000000 000000000 000000000 111111111 111111111 111111111 
000000000 000000000 000000000 000000000 111111111 111111111 
000000000 000000000 000000000 000000000 111111111 111111111 
000000000 000000000 000000000 000000000 111111111 111111111 
000000000 000000000 000000000 000000000 111111111 111111111 
000000000 000000000 000000000 000000000 111111111 111111111 
000000000 000000000 000000000 000000000 111111111 111111111 
000000000 000000000 000000000 000000000 111111111 111111111 
000000000 000000000 000000000 000000000 111111111 111111111 
000000000 000000000 000000000 000000000 111111111 111111111 
000000000 000000000 000000000 000000000 111111111 111111111 
000000000 000000000 000000000 000000000 111111111 111111111 
000000000 000000000 000000000 000000000 111111111 111111111 
000000000 000000000 000000000 000000000 111111111 111111111 
000000000 000000000 000000000 000000000 111111111 111111111 
000000000 000000000 000000000 000000000 111111111 111111111 
000000000 000000000 000000000 000000000 111111111 111111111 
000000000 000000000 000000000 000000000 111111111 111111111 
000000000 000000000 000000000 000000000 111111111 111111111 
000000000 000000000 000000000 000000000 111111111 111111111 
000000000 000000000 000000000 000000000 111111111 111111111 
000000000 000000000 000000000 000000000 111111111 111111111 
000000000 000000000 000000000 000000000 111111111 111111111 
000000000 000000000 000000000 000000000 111111111 111111111 
