000000000 000000000 000000000 000000000 000000000 000000000 
000000000 000000000 000000000 000000000 000000000 000000000 
000000000 000000000 000000000 000000000 000000000 000000000 
000000000 000000000 000000000 000000000 000000000 000000000 
000000000 000000000 000000000 000000000 000000000 000000000 
000000000 000000000 000000000 000000000 000000000 000000000 
000000000 000000000 000000000 000000000 000000000 000000000 
000000000 000000000 000000000 000000000 000000000 000000000 
000000000 000000000 000000000 000000000 000000000 000000000 
000000000 000000000 000000000 000000000 000000000 000000000 
000000000 000000000 000000000 000000000 000000000 000000000 
000000000 000000000 000000000 000000000 000000000 000000000 
000000000 000000000 000000000 000000000 000000000 000000000 
000000000 000000000 000000000 000000000 000000000 000000000 
000000000 000000000 000000000 000000000 000000000 000000000 
000000000 000000000 000000000 000000000 000000000 000000000 
000000000 000000000 000000000 000000000 000000000 000000000 
000000000 000000000 000000000 000000000 000000000 000000000 
000000000 000000000 000000000 000000000 000000000 000000000 
000000000 000000000 000000000 000000000 000000000 000000000 
000000000 000000000 000000000 000000000 000000000 000000000 
000000000 000000000 000000000 000000000 000000000 000000000 
000000000 000000000 000000000 000000000 000000000 000000000 
000000000 000000000 000000000 000000000 000000000 000000000 
000000000 000000000 000000000 000000000 000000000 000000000 
000000000 000000000 000000000 000000000 000000000 000000000 
000000000 000000000 000000000 000000000 000000000 000000000 
000000000 000000000 000000000 000000000 000000000 000000000 
000000000 000000000 000000000 000000000 000000000 000000000 
000000000 000000000 000000000 000000000 000000000 000000000 
101110111 101110010 000000000 000000000 000000000 000000000 
000000000 000000000 000000000 000000000 000000000 000000000 
000000000 000000000 000000000 000000000 000000000 000000000 
000000000 000000000 000000000 000000000 000000000 000000000 
000000000 000000000 000000000 000000000 000000000 000000000 
000000000 000000000 000000000 000000000 000000000 000000000 
000000000 000000000 000000000 000000000 000000000 000000000 
000000000 000000000 000000000 000000000 000000000 000000000 
000000000 000000000 000000000 000000000 000000000 000000000 
000000000 000000000 000000000 000000000 000000000 000000000 
000000000 000000000 000000000 000000000 000000000 000000000 
000000000 000000000 000000000 000000000 000000000 000000000 
000000000 000000000 000000000 000000000 000000000 000000000 
000000000 000000000 000000000 000000000 000000000 000000000 
000000000 000000000 000000000 000000000 000000000 000000000 
000000000 000000000 000000000 000000000 000000000 000000000 
000000000 000000000 000000000 000000000 000000000 000000000 
000000000 000000000 000000000 000000000 000000000 000000000 
000000000 000000000 000000000 111111111 111111111 111111111 
000000000 000000000 000000000 111111111 111111111 111111111 
000000000 000000000 000000000 111111111 111111111 111111111 
000000000 000000000 000000000 111111111 111111111 111111111 
000000000 000000000 000000000 111111111 111111111 111111111 
000000000 000000000 000000000 111111111 111111111 111111111 
000000000 000000000 000000000 111111111 111111111 111111111 
000000000 000000000 000000000 111111111 111111111 111111111 
000000000 000000000 000000000 111111111 111111111 111111111 
000000000 000000000 000000000 111111111 111111111 111111111 
000000000 000000000 000000000 111111111 111111111 111111111 
000000000 000000000 000000000 111111111 111111111 111111111 
000000000 000000000 000000000 111111111 111111111 111111111 
000000000 000000000 000000000 111111111 111111111 111111111 
000000000 000000000 000000000 111111111 111111111 111111111 
000000000 000000000 000000000 111111111 111111111 111111111 
000000000 000000000 000000000 111111111 111111111 111111111 
000000000 000000000 000000000 111111111 111111111 111111111 
000000000 000000000 000000000 111111111 111111111 111111111 
000000000 000000000 000000000 111111111 111111111 111111111 
000000000 000000000 000000000 111111111 111111111 111111111 
000000000 000000000 000000000 111111111 111111111 111111111 
000000000 000000000 000000000 111111111 111111111 111111111 
000000000 000000000 000000000 111111111 111111111 111111111 
000000000 000000000 000000000 111111111 111111111 111111111 
000000000 000000000 000000000 111111111 111111111 111111111 
000000000 000000000 000000000 111111111 111111111 111111111 
000000000 000000000 000000000 111111111 111111111 111111111 
000000000 000000000 000000000 111111111 111111111 111111111 
000000000 000000000 000000000 111111111 111111111 111111111 
000000000 000000000 000000000 111111111 111111111 111111111 
000000000 000000000 000000000 111111111 111111111 111111111 
000000000 000000000 000000000 111111111 111111111 111111111 
000000000 000000000 000000000 111111111 111111111 111111111 
000000000 000000000 000000000 111111111 111111111 111111111 
000000000 000000000 000000000 111111111 111111111 111111111 
000000000 000000000 000000000 111111111 111111111 111111111 
000000000 000000000 000000000 111111111 111111111 111111111 
000000000 000000000 000000000 111111111 111111111 111111111 
000000000 000000000 000000000 111111111 111111111 111111111 
000000000 000000000 000000000 111111111 111111111 111111111 
000000000 000000000 000000000 111111111 111111111 111111111 
000000000 000000000 000000000 111111111 111111111 111111111 
000000000 000000000 000000000 111111111 111111111 111111111 
000000000 000000000 000000000 111111111 111111111 111111111 
000000000 000000000 000000000 111111111 111111111 111111111 
110001011 101110010 000000000 111111111 111111111 111111111 
000000000 000000000 000000000 111111111 111111111 111111111 
000000000 000000000 000000000 111111111 111111111 111111111 
000000000 000000000 000000000 111111111 111111111 111111111 
000000000 000000000 000000000 111111111 111111111 111111111 
000000000 000000000 000000000 111111111 111111111 111111111 
000000000 000000000 000000000 111111111 111111111 111111111 
000000000 000000000 000000000 111111111 111111111 111111111 
000000000 000000000 000000000 111111111 111111111 111111111 
000000000 000000000 000000000 111111111 111111111 111111111 
000000000 000000000 000000000 111111111 111111111 111111111 
000000000 000000000 000000000 111111111 111111111 111111111 
000000000 000000000 000000000 111111111 111111111 111111111 
000000000 000000000 000000000 111111111 111111111 111111111 
000000000 000000000 000000000 111111111 111111111 111111111 
000000000 000000000 000000000 111111111 111111111 111111111 
000000000 000000000 000000000 111111111 111111111 111111111 
000000000 000000000 000000000 111111111 111111111 111111111 
000000000 000000000 000000000 111111111 111111111 111111111 
000000000 000000000 000000000 111111111 111111111 111111111 
000000000 000000000 000000000 111111111 111111111 111111111 
000000000 000000000 000000000 111111111 111111111 111111111 
000000000 000000000 000000000 111111111 111111111 111111111 
000000000 000000000 000000000 111111111 111111111 111111111 
000000000 000000000 000000000 111111111 111111111 111111111 
000000000 000000000 000000000 111111111 111111111 111111111 
000000000 000000000 000000000 111111111 111111111 111111111 
000000000 000000000 000000000 111111111 111111111 111111111 
000000000 000000000 000000000 111111111 111111111 111111111 
000000000 000000000 000000000 111111111 111111111 111111111 
000000000 000000000 000000000 111111111 111111111 111111111 
000000000 000000000 000000000 111111111 111111111 111111111 
000000000 000000000 000000000 111111111 111111111 111111111 
000000000 000000000 000000000 111111111 111111111 111111111 
000000000 000000000 000000000 111111111 111111111 111111111 
000000000 000000000 000000000 111111111 111111111 111111111 
000000000 000000000 000000000 111111111 111111111 111111111 
000000000 000000000 000000000 111111111 111111111 111111111 
000000000 000000000 000000000 111111111 111111111 111111111 
000000000 000000000 000000000 111111111 111111111 111111111 
000000000 000000000 000000000 111111111 111111111 111111111 
000000000 000000000 000000000 111111111 111111111 111111111 
000000000 000000000 000000000 111111111 111111111 111111111 
000000000 000000000 000000000 111111111 111111111 111111111 
000000000 000000000 000000000 111111111 111111111 111111111 
000000000 000000000 000000000 111111111 111111111 111111111 
000000000 000000000 000000000 111111111 111111111 111111111 
000000000 000000000 000000000 111111111 111111111 111111111 
000000000 000000000 000000000 111111111 111111111 111111111 
000000000 000000000 000000000 111111111 111111111 111111111 
000000000 000000000 000000000 111111111 111111111 111111111 
000000000 000000000 000000000 111111111 111111111 111111111 
000000000 000000000 000000000 111111111 111111111 111111111 
000000000 000000000 000000000 111111111 111111111 111111111 
000000000 000000000 000000000 111111111 111111111 111111111 
000000000 000000000 000000000 111111111 111111111 111111111 
000000000 000000000 000000000 111111111 111111111 111111111 
000000000 000000000 000000000 111111111 111111111 111111111 
000000000 000000000 000000000 111111111 111111111 111111111 
000000000 000000000 000000000 111111111 111111111 111111111 
000000000 000000000 000000000 111111111 111111111 111111111 
000000000 000000000 000000000 111111111 111111111 111111111 
000000000 000000000 000000000 111111111 111111111 111111111 
000000000 000000000 000000000 111111111 111111111 111111111 
000000000 000000000 000000000 111111111 111111111 111111111 
000000000 000000000 000000000 111111111 111111111 111111111 
000000000 000000000 000000000 000000000 111111111 111111111 
000000000 000000000 000000000 000000000 111111111 111111111 
000000000 000000000 000000000 000000000 111111111 111111111 
000000000 000000000 000000000 000000000 111111111 111111111 
000000000 000000000 000000000 000000000 111111111 111111111 
000000000 000000000 000000000 000000000 111111111 111111111 
000000000 000000000 000000000 000000000 111111111 111111111 
000000000 000000000 000000000 000000000 111111111 111111111 
000000000 000000000 000000000 000000000 111111111 111111111 
000000000 000000000 000000000 000000000 111111111 111111111 
000000000 000000000 000000000 000000000 111111111 111111111 
000000000 000000000 000000000 000000000 111111111 111111111 
000000000 000000000 000000000 000000000 111111111 111111111 
000000000 000000000 000000000 000000000 111111111 111111111 
000000000 000000000 000000000 000000000 111111111 111111111 
000000000 000000000 000000000 000000000 111111111 111111111 
000000000 000000000 000000000 000000000 111111111 111111111 
000000000 000000000 000000000 000000000 111111111 111111111 
000000000 000000000 000000000 000000000 111111111 111111111 
000000000 000000000 000000000 000000000 111111111 111111111 
000000000 000000000 000000000 000000000 111111111 111111111 
000000000 000000000 000000000 000000000 111111111 111111111 
000000000 000000000 000000000 000000000 111111111 111111111 
